// NeoPixel Ring simple sketch (c) 2013 Shae Erisson
// Released under the GPLv3 license to match the rest of the
// Adafruit NeoPixel library

#include <Adafruit_NeoPixel.h>
#ifdef __AVR__
 #include <avr/power.h> // Required for 16 MHz Adafruit Trinket
#endif

// Which pin on the Arduino is connected to the NeoPixels?
#define PIN        6 

//paste colors here
uint8_t reds [] = {60,60,60,60,60,60,60,60,60,60,54,38,18,0,0,0,32,86,144,170,195,217,235,247,254,251,230,193,147,87,34,1,0,24,54,58,46,28,9,0,0,13,56,115,161,196,224,244,255,252,238,217,188,155,99,34,0,0,11,35,55,59,47,26,7,0,0,33,97,145,177,208,233,251,243,222,194,163,130,65,11,0,0,15,37,54,60,47,24,1,0,10,63,134,172,202,228,246,255,251,237,212,180,145,87,34,1,0,1,18,37,54,60,42,10,0,13,58,117,170,211,242,255,252,242,227,207,184,158,120,59,13,0,0,1,0,0,31,85,143,170,195,216,234,247,255,252,230,193,148,89,35,1,0,24,54,59,47,29,9,0,0,12,55,114,161,195,223,244,255,252,239,217,188,156,102,36,0,0,10,34,55,59,47,27,7,0,0,32,96,144,176,207,232,251,244,222,194,163,130,67,12,0,0,15,36,54,60,47,24,2,0,9,61,133,170,201,228,246,255,251,237,212,181,146,88,34,1,0,0,17,37,53,60,42,10,0,13,57,115,168,211,242,255,252,243,228,208,184,159,121,60,13,0,0,8,26,46,59,60,60,60,60,60,60,60,60,61,60,60,53,35,16,0,0,1,37,93,147,173,198,219,236,248,254,251,227,188,142,82,30,0,0,29,56,58,45,26,8,0,0,16,62,122,165,199,226,246,255,251,236,214,185,152,92,30,0,0,13,38,56,58,45,25,5,0,0,38,106,148,181,209,235,252,242,218,191,159,126,59,8,0,0,17,39,56,59,45,22,0,0,15,70,140,174,204,230,248,255,250,234,208,177,141,81,29,0,0,3,20,39,55,59,39,6,0,17,64,122,174,215,244,255,251,241,225,205,181,156,114,53,10,0,0,10,20,3,0,0,26,79,141,167,192,215,233,246,254,253,233,198,153,95,40,4,0,20,51,59,48,31,11,0,0,9,50,108,158,192,221,243,253,253,241,220,191,159,109,42,1,0,8,32,53,60,49,29,9,0,0,27,89,141,174,204,230,249,246,224,197,167,134,73,17,0,0,13,34,52,60,49,26,4,0,6,55,125,168,198,225,244,254,253,239,215,185,150,94,39,3,0,0,15,35,52,60,46,14,0,9,51,109,164,207,240,254,252,243,229,210,187,161,128,66,18,0,0,6,25,45,58,60,60,60,60,60,60,60,60,60,52,34,13,0,0,3,42,99,149,176,200,220,237,250,255,249,223,184,135,75,26,0,1,31,58,57,43,24,6,0,0,20,68,128,169,202,229,247,255,250,234,211,182,148,85,24,0,0,15,40,58,58,43,22,3,0,1,44,112,152,184,213,237,254,239,216,188,156,121,52,4,0,2,20,40,56,58,43,19,0,0,18,77,144,178,208,232,248,255,249,232,205,173,136,75,25,0,0,4,22,41,56,59,35,4,0,21,68,129,178,219,247,255,251,240,223,202,178,153,107,48,7,0,0,12,32,42,22,4,0,0,23,73,136,164,189,212,231,246,253,253,236,202,158,101,45,6,0,17,49,59,50,33,13,0,0,6,45,102,153,188,218,240,253,254,243,222,195,163,116,47,3,0,7,30,51,60,50,32,10,0,0,22,82,138,171,201,227,247,247,226,200,170,137,81,21,0,0,11,32,51,60,51,29,6,0,3,49,117,164,195,222,242,254,253,240,218,188,153,101,44,6,0,0,14,33,50,60,48,16,0,7,46,102,158,202,236,254,254,245,231,212,190,165,135,71,22,0,0,4,22,43,57,60,60,60,60,60,60,60,50,32,12,0,0,6,47,106,152,178,202,223,239,250,255,246,219,179,130,70,22,0,4,35,58,56,42,22,4,0,0,23,74,135,173,205,231,248,255,249,233,208,178,145,79,19,0,0,18,42,58,57,41,20,2,0,4,51,120,156,187,215,239,254,237,214,185,153,114,46,2,0,3,22,43,57,58,40,17,0,0,23,84,148,181,211,234,250,255,247,229,202,170,130,70,20,0,0,6,23,42,57,58,32,1,0,24,74,135,183,222,248,255,250,238,221,200,177,150,102,42,5,0,0,13,33,51,58,44,24,6,0,0,18,67,129,162,188,211,230,244,252,254,238,206,162,107,50,9,0,13,46,60,52,34,14,0,0,3,40,95,150,185,216,238,252,254,244,225,198,166,124,53,5,0,4,27,49,61,52,33,13,0,0,17,74,135,167,198,225,246,249,230,203,173,141,87,26,0,0,9,30,49,59,53,31,8,0,1,42,111,161,193,220,241,253,254,242,220,191,156,106,49,8,0,0,11,31,49,60,51,20,0,4,41,97,154,199,234,253,253,246,233,214,192,166,140,78,26,0,0,3,20,40};
uint8_t greens [] = {255,255,255,255,255,255,255,255,255,255,237,193,138,83,33,1,0,0,0,0,0,0,0,0,0,0,0,0,0,0,0,0,64,164,241,251,222,173,115,58,14,0,0,0,0,0,0,0,0,0,0,0,0,0,0,0,3,51,122,192,242,253,223,170,106,46,4,0,0,0,0,0,0,0,0,0,0,0,0,0,0,20,73,137,198,241,255,222,160,88,25,0,0,0,0,0,0,0,0,0,0,0,0,0,0,0,0,32,84,142,198,239,255,210,116,25,0,0,0,0,0,0,0,0,0,0,0,0,0,0,0,0,14,55,85,36,1,0,0,0,0,0,0,0,0,0,0,0,0,0,0,0,0,63,162,241,251,224,175,117,59,14,0,0,0,0,0,0,0,0,0,0,0,0,0,0,0,3,51,120,191,243,253,225,171,108,47,5,0,0,0,0,0,0,0,0,0,0,0,0,0,0,20,72,135,196,241,255,225,161,89,26,0,0,0,0,0,0,0,0,0,0,0,0,0,0,0,0,31,83,141,197,238,255,212,118,27,0,0,0,0,0,0,0,0,0,0,0,0,0,0,0,0,13,54,108,164,214,252,255,255,255,255,255,255,255,255,255,255,255,233,187,133,78,30,0,0,0,0,0,0,0,0,0,0,0,0,0,0,0,0,2,75,173,246,250,218,168,109,54,11,0,0,0,0,0,0,0,0,0,0,0,0,0,0,0,6,58,130,199,246,252,219,165,100,41,1,0,0,0,0,0,0,0,0,0,0,0,0,0,0,25,79,143,203,244,254,217,154,81,20,0,0,0,0,0,0,0,0,0,0,0,0,0,0,0,2,38,90,149,204,242,254,203,105,18,0,0,0,0,0,0,0,0,0,0,0,0,0,0,0,0,17,61,115,145,90,39,3,0,0,0,0,0,0,0,0,0,0,0,0,0,0,0,0,53,151,234,253,227,180,122,65,18,0,0,0,0,0,0,0,0,0,0,0,0,0,0,0,0,44,113,184,238,254,229,177,114,53,8,0,0,0,0,0,0,0,0,0,0,0,0,0,0,16,65,128,191,238,255,229,169,96,31,0,0,0,0,0,0,0,0,0,0,0,0,0,0,0,0,27,77,136,193,235,254,220,129,35,0,0,0,0,0,0,0,0,0,0,0,0,0,0,0,0,9,49,102,158,210,248,255,255,255,255,255,255,255,255,255,230,182,127,71,26,0,0,0,0,0,0,0,0,0,0,0,0,0,0,0,0,6,83,182,249,248,214,161,103,48,7,0,0,0,0,0,0,0,0,0,0,0,0,0,0,0,10,65,137,205,249,250,214,158,93,36,0,0,0,0,0,0,0,0,0,0,0,0,0,0,0,30,85,149,208,247,251,212,146,74,15,0,0,0,0,0,0,0,0,0,0,0,0,0,0,0,5,41,95,155,208,245,253,194,95,13,0,0,0,0,0,0,0,0,0,0,0,0,0,0,0,0,20,65,121,176,204,152,95,44,6,0,0,0,0,0,0,0,0,0,0,0,0,0,0,0,0,45,141,228,254,232,185,129,70,22,0,0,0,0,0,0,0,0,0,0,0,0,0,0,0,0,39,105,178,235,255,233,184,121,58,11,0,0,0,0,0,0,0,0,0,0,0,0,0,0,13,60,122,185,233,255,233,177,103,37,0,0,0,0,0,0,0,0,0,0,0,0,0,0,0,0,24,72,130,187,232,254,227,139,43,0,0,0,0,0,0,0,0,0,0,0,0,0,0,0,0,7,45,96,152,205,245,255,255,255,255,255,255,255,225,177,122,67,22,0,0,0,0,0,0,0,0,0,0,0,0,0,0,0,0,11,94,193,252,245,210,156,97,43,4,0,0,0,0,0,0,0,0,0,0,0,0,0,0,0,14,72,144,211,251,248,210,152,86,30,0,0,0,0,0,0,0,0,0,0,0,0,0,0,0,35,92,156,213,250,249,206,139,66,11,0,0,0,0,0,0,0,0,0,0,0,0,0,0,0,7,47,102,161,213,247,250,185,85,7,0,0,0,0,0,0,0,0,0,0,0,0,0,0,0,0,25,71,126,182,228,248,209,157,100,49,9,0,0,0,0,0,0,0,0,0,0,0,0,0,0,0,0,36,131,221,255,234,191,134,76,27,0,0,0,0,0,0,0,0,0,0,0,0,0,0,0,0,32,97,170,230,255,237,189,127,64,15,0,0,0,0,0,0,0,0,0,0,0,0,0,0,8,54,116,178,230,254,238,183,111,43,0,0,0,0,0,0,0,0,0,0,0,0,0,0,0,0,19,65,123,182,228,253,234,150,51,0,0,0,0,0,0,0,0,0,0,0,0,0,0,0,0,4,39,91,147,200};
uint8_t blues [] = {0,0,0,0,0,0,0,0,0,0,0,0,0,0,0,0,0,0,0,0,0,0,0,0,0,0,0,0,0,0,0,0,0,0,0,0,0,0,0,0,0,0,0,0,0,0,0,0,0,0,0,0,0,0,0,0,0,0,0,0,0,0,0,0,0,0,0,0,0,0,0,0,0,1,0,0,0,0,1,0,0,0,0,0,0,0,0,0,0,0,0,0,0,0,0,0,0,0,0,0,0,0,0,0,0,0,0,0,0,0,0,0,0,0,0,0,0,0,0,0,0,0,0,0,0,0,0,0,0,0,0,0,0,0,0,0,0,0,0,0,0,0,0,0,0,0,0,0,0,0,0,0,0,0,0,0,0,0,0,0,0,0,0,0,0,0,0,0,0,0,0,0,0,0,0,0,0,0,0,0,0,0,0,0,0,0,0,0,0,0,0,0,0,0,0,0,0,1,0,0,0,0,0,0,0,0,0,0,0,0,0,0,0,0,0,0,0,0,0,0,0,1,0,0,0,0,0,0,0,0,0,0,0,0,0,0,0,0,0,0,0,0,0,0,0,0,0,0,0,0,0,0,0,0,0,0,0,0,0,0,0,0,0,0,0,0,0,0,0,0,0,0,0,0,0,0,0,0,0,0,0,0,0,0,0,0,0,0,0,0,0,0,0,0,0,0,0,0,0,0,0,0,0,0,0,0,0,0,0,0,1,0,0,0,0,0,0,0,0,0,0,0,0,0,0,0,0,0,0,0,0,0,0,0,0,0,0,0,0,0,0,0,0,0,0,0,0,0,0,0,0,0,0,0,0,0,0,0,0,0,0,0,0,0,0,0,0,0,0,0,0,0,0,0,0,0,0,0,0,0,0,0,0,0,0,0,0,0,0,0,0,0,0,0,0,0,0,0,0,0,0,0,0,0,0,0,1,0,0,0,0,0,0,0,0,0,0,0,0,0,0,0,0,0,0,0,0,0,0,0,0,0,0,0,0,0,0,0,0,0,0,0,0,0,0,0,0,0,0,0,0,0,0,0,0,0,0,0,0,0,0,0,0,0,0,0,0,0,0,0,0,0,0,0,0,0,0,0,0,0,0,0,0,0,0,0,0,0,0,0,0,0,0,0,0,0,0,0,0,0,0,0,0,0,0,0,0,0,0,0,0,0,0,0,0,0,0,0,0,0,0,0,0,0,0,0,0,0,0,0,0,0,0,0,0,0,0,0,0,0,0,0,0,0,0,0,0,0,0,0,0,0,0,0,0,0,0,0,0,0,0,0,0,0,0,0,0,0,0,0,0,0,0,0,0,0,0,0,0,0,0,0,0,0,0,0,0,0,0,0,0,1,0,0,0,0,0,0,0,0,0,0,0,0,0,0,0,0,0,0,0,0,0,0,0,0,0,0,0,0,0,0,0,0,0,0,0,0,0,0,0,0,0,0,0,0,0,0,0,1,0,0,0,0,0,0,0,1,0,0,0,0,0,0,0,0,0,0,0,0,0,0,0,0,0,0,0,0,0,0,0,0,0,0,0,0,0,0,0,0,0,0,0,0,0,0,0,0,0,0,0,0,0,0,0,0,0,0,0,0,0,0,0,0,0,0,0,0,0,0,0,0,0,0,0,0,0,0,0,0,0,0,0,0,0,0,0,0,0,0,0,0,0,0,0,0,0,0,0,0,0,0,0,0,0,0,0,0,0,0,0,0,0,0,0,0,0,0,0,0,0,0,0,0,0,0,0,0,0,0,0,0,0,0,0,0,0,0,0,0,0,0,0,0,0,0,0,0,0,0,0,0,0,0,0,0,0,0,0,0,0,0,0,0,0,0,0,0,0,0,0,0,0,0,0,0,0,0,0,0,0,0,0,1,0,0,0,0,0,0,0,0,0,0,0,0,0,0,0,0,0,0,0,0,0,0,0,0,0,0,0,0,0,0,0,1,0,0,0,0,0,0,0,0,0,0,0,0,0,0,0,0,0,0,0,0,0,0,0,0,0,0,0,0,0,0,0,0,0,0,0,0,0,0,0,0,0,0,1,0,0,0,0,0,0,0,0,0,0,0,0,0,0,0,0,0,0,0,0,0,0,0,0,0,0,0,0,0,0,0,0,0,0,0,0,0,0,0,0,0,0,0,0,0,0,0,0,0,0,0,0,1,0,0,0,0,0,0,0,0,0,0,0,0,0,0,0,0,0,0,0,0,0,0,0,0,0,0,0,0,0,0,0,0,0,0,0,0,0,0,0,0,0,0,0,0,0,0,0,0,0,0,0,1,0,0,0,0,0,0,0,0,0,0,0,0,0,0,1,0,0,0,0,0,0,0,0,0,0,0,0,0,0,0,0,0,0,0,0,0,0,0,0,0};

